Fixed Data: [-0.8805  2.4457 -2.3205 -0.6008  4.3338  1.8333 -2.8744  3.3924  1.2878] 

tmax: 0.0005983829498291016, dmin: -5.0, dmax: 33.293
Random 1 Data: [4, 1, -2, -5, 1, -1, -2, -2, -3] 

tmax: 0.0005983829498291016, dmin: -5.0, dmax: 16.0
Random 2 Data: [1, 3, 3, -2, -2, 4, 0, -2, -3]

tmax: 0.0006043910980224609, dmin: -5.0, dmax: 26.0
Random 3 Data: [1, 4, 4, 0, -3, -1, 4, 1, -4]

tmax: 0.0005985260009765625, dmin: -5.0, dmax: 34.0
Random 4 Data: [-3, 2, -5, 1, 3, -1, -2, -4, -2]

tmax: 0.0005988121032714844, dmin: -5.0, dmax: 15.999999999999996